===Database leaderboard

== Table structure for table score

|------
|Column|Type|Null|Default
|------
|//**user_id**//|bigint(20) |No|
|level|int(10) |No|
|total_exp|bigint(20) |No|
|week_exp|bigint(20) |No|
|today_exp|bigint(20) |No|
|yesterday_exp|bigint(20)|No|
== Dumping data for table score

|1|438|438762|120122|141328|297434
|2|330|330297|49742|52438|277859
|3|590|590825|102267|107852|482973
|4|529|529690|44299|153225|376465
|5|375|375888|13395|61819|314069
|6|708|708513|462468|470929|237584
|7|249|249520|97113|106005|143515
|8|1266|1266921|110841|537762|729159
|9|250|250448|5028|86791|163657
|10|179|179050|223|4578|174472
|11|446|446982|757|27227|419755
|12|773|773780|9360|13213|760567
|13|508|508450|223|328318|180132
|14|436|436861|3993|7046|429815
|15|386|386224|63690|69242|316982
|16|367|367949|228782|242055|125894
|17|656|656747|221616|244749|411998
|18|636|636007|247176|312877|323130
|19|286|286786|25685|29311|257475
|20|206|206439|93128|102886|103553
|21|321|321123|8414|35221|285902
|22|802|802968|8727|275656|527312
|23|382|382438|321|4889|377549
|24|555|555931|661|141603|414328
|25|272|272703|75530|154746|117957
|26|332|332849|19810|35107|297742
|27|352|352626|46016|254135|98491
|28|819|819024|300187|386474|432550
|29|110|110301|302|23225|87076
|30|497|497832|104045|278813|219019
|31|365|365895|64236|139745|226150
|32|309|309748|6786|132650|177098
|33|1754|1754875|45071|235245|1519630
|34|70|70085|44451|52970|17115
|35|319|319341|50881|66436|252905
|36|1753|1753479|5796|134328|1619151
|37|700|700018|117113|118627|581391
|38|858|858652|138360|463204|395448
|39|110|110341|6331|8139|102202
|40|1015|1015952|25167|60607|955345
|41|643|643941|32732|121903|522038
|42|564|564075|29320|102356|461719
|43|876|876545|3726|225439|651106
|44|524|524913|12837|39309|485604
|45|499|499939|239715|325352|174587
|46|610|610036|530|76477|533559
|47|245|245868|39706|119355|126513
|48|845|845782|38873|71098|774684
|49|460|460513|122148|126574|333939
|50|249|249400|57882|145171|104229
|51|594|594671|38754|43715|550956
|52|307|307143|145222|211928|95215
|53|653|653529|73806|164603|488926
|54|410|410821|51215|291199|119622
|55|911|911848|298839|489068|422780
|56|674|674615|7524|87763|586852
|57|753|753115|5166|85079|668036
|58|1140|1140600|337964|671042|469558
|59|517|517323|91466|104439|412884
|60|387|387755|236881|288523|99232
|61|916|916369|133457|140768|775601
|62|366|366846|385|151346|215500
|63|436|436346|23439|73334|363012
|64|1453|1453688|56032|549257|904431
|65|134|134557|1389|61630|72927
|66|106|106769|9044|35563|71206
|67|663|663355|91537|140360|522995
|68|792|792249|40862|237829|554420
|69|240|240101|3653|24204|215897
|70|368|368421|131355|137356|231065
|71|119|119436|29370|29385|90051
|72|865|865358|420193|466241|399117
|73|360|360769|86645|163806|196963
|74|811|811136|165007|339356|471780
|75|347|347182|1062|16339|330843
|76|245|245199|50256|132136|113063
|77|512|512320|171741|177380|334940
|78|612|612430|79630|87077|525353
|79|416|416512|55562|82659|333853
|80|168|168959|70495|84641|84318
|81|925|925930|79335|119198|806732
|82|572|572571|39488|46710|525861
|83|240|240744|7538|111105|129639
|84|767|767195|15422|81295|685900
|85|999|999421|37006|270660|728761
|86|221|221269|1532|25212|196057
|87|409|409856|4580|148228|261628
|88|938|938005|35177|91793|846212
|89|734|734356|51850|410412|323944
|90|342|342400|5381|5399|337001
|91|551|551154|145603|154740|396414
|92|759|759393|181329|279559|479834
|93|1132|1132612|42848|175257|957355
|94|420|420501|28103|108509|311992
|95|275|275997|133673|134814|141183
|96|626|626462|6691|208151|418311
|97|917|917507|405808|672913|244594
|98|219|219344|161|17921|201423
|99|657|657369|160603|184315|473054
|100|637|637365|16968|36683|600682
== Table structure for table score

|------
|Column|Type|Null|Default
|------
|//**user_id**//|bigint(20) |No|
|level|int(10) |No|
|total_exp|bigint(20) |No|
|week_exp|bigint(20) |No|
|today_exp|bigint(20) |No|
|yesterday_exp|bigint(20)|No|
== Table structure for table user

|------
|Column|Type|Null|Default
|------
|//**user_id**//|bigint(20)|No|
|name|varchar(500)|No|
== Dumping data for table user

|1|hngSfPOAr
|2|EddQHquJkn
|3|LIxyZF
|4|OiBEJyNstA
|5|seuEvPN
|6|KOZY
|7|DlRQkL
|8|oewQPKpYoT
|9|EIYFH
|10|SxzTZHe
|11|bettpi
|12|rivIGQBz
|13|TBBeGn
|14|KuehSLa
|15|ean
|16|JOVVzOuqaS
|17|PMyAaXu
|18|iZD
|19|mKtQCn
|20|YOUoZtWXYx
|21|sletpqqDFz
|22|YWE
|23|ZMlbGkZ
|24|rlIpFVRf
|25|fuYUcrx
|26|yvJeDft
|27|hKAuZThurd
|28|PTrfGiWdEP
|29|DxRQzfYXq
|30|HgsqyZDKkU
|31|zTeTF
|32|CYikTaqPH
|33|BePOtHM
|34|JhFmUgmrd
|35|icWGJelNn
|36|HGD
|37|LhogZsVIw
|38|ckhLERH
|39|mCfYtYQLN
|40|xlRce
|41|lbL
|42|cBp
|43|lOET
|44|oDzgBt
|45|rOGGsy
|46|MIISvS
|47|xKiPxZML
|48|wQbkLiuPiX
|49|FTUce
|50|EfO
|51|BVT
|52|tvt
|53|QsmKygqVrK
|54|VpphOG
|55|qIWaREPOqk
|56|sqicSCDR
|57|SOUeJpPpR
|58|EaKrl
|59|BcmtL
|60|PrvE
|61|QHmdTVSw
|62|SJm
|63|lhuW
|64|ViQGVDZuu
|65|LAUDPgSS
|66|OKdVXuSxt
|67|ADp
|68|vwWPE
|69|EOiMXeQu
|70|IDIvT
|71|AJFQamhiAX
|72|Meiic
|73|JgCobkW
|74|zNrU
|75|rVgkv
|76|vUZUal
|77|OMINuASad
|78|XoZvuoAiQA
|79|GJjJJKR
|80|PzeR
|81|kLJ
|82|KSjo
|83|LAANup
|84|OeB
|85|xhtMT
|86|nVq
|87|CmobWEWOMw
|88|nwnuVCklE
|89|vUg
|90|LcrsII
|91|RJlMxurnCP
|92|sKIvz
|93|rDo
|94|WlpNOZxkjb
|95|PZfv
|96|fzYEnXhN
|97|KsIeSX
|98|UIyPD
|99|dDEr
|100|ruKGzvYJFz
== Table structure for table user

|------
|Column|Type|Null|Default
|------
|//**user_id**//|bigint(20)|No|
|name|varchar(500)|No|
